areaType,areaName,areaCode,date,newCasesBySpecimenDate,cumCasesBySpecimenDate
overview,United Kingdom,K02000001,2020-10-21,1209,810467
overview,United Kingdom,K02000001,2020-10-20,13057,809258
overview,United Kingdom,K02000001,2020-10-19,23517,796201
overview,United Kingdom,K02000001,2020-10-18,13928,772684
overview,United Kingdom,K02000001,2020-10-17,14617,758756
overview,United Kingdom,K02000001,2020-10-16,17645,744139
overview,United Kingdom,K02000001,2020-10-15,18321,726494
overview,United Kingdom,K02000001,2020-10-14,19690,708173
overview,United Kingdom,K02000001,2020-10-13,18872,688483
overview,United Kingdom,K02000001,2020-10-12,19400,669611
overview,United Kingdom,K02000001,2020-10-11,12035,650211
overview,United Kingdom,K02000001,2020-10-10,12522,638176
overview,United Kingdom,K02000001,2020-10-09,15738,625654
overview,United Kingdom,K02000001,2020-10-08,18244,609916
overview,United Kingdom,K02000001,2020-10-07,18328,591672
overview,United Kingdom,K02000001,2020-10-06,17065,573344
overview,United Kingdom,K02000001,2020-10-05,16539,556279
overview,United Kingdom,K02000001,2020-10-04,11784,539740
overview,United Kingdom,K02000001,2020-10-03,11541,527956
overview,United Kingdom,K02000001,2020-10-02,13675,516415
overview,United Kingdom,K02000001,2020-10-01,13178,502740
overview,United Kingdom,K02000001,2020-09-30,12542,489562
overview,United Kingdom,K02000001,2020-09-29,10247,477020
overview,United Kingdom,K02000001,2020-09-28,9920,466773
overview,United Kingdom,K02000001,2020-09-27,6975,456853
overview,United Kingdom,K02000001,2020-09-26,6755,449878
overview,United Kingdom,K02000001,2020-09-25,7253,443123
overview,United Kingdom,K02000001,2020-09-24,7611,435870
overview,United Kingdom,K02000001,2020-09-23,7052,428259
overview,United Kingdom,K02000001,2020-09-22,6417,421207
overview,United Kingdom,K02000001,2020-09-21,5591,414790
overview,United Kingdom,K02000001,2020-09-20,5315,409199
overview,United Kingdom,K02000001,2020-09-19,4860,403884
overview,United Kingdom,K02000001,2020-09-18,4964,399024
overview,United Kingdom,K02000001,2020-09-17,4632,394060
overview,United Kingdom,K02000001,2020-09-16,4370,389428
overview,United Kingdom,K02000001,2020-09-15,3556,385058
overview,United Kingdom,K02000001,2020-09-14,3392,381502
overview,United Kingdom,K02000001,2020-09-13,2145,378110
overview,United Kingdom,K02000001,2020-09-12,2672,375965
overview,United Kingdom,K02000001,2020-09-11,3291,373293
overview,United Kingdom,K02000001,2020-09-10,3598,370002
overview,United Kingdom,K02000001,2020-09-09,3330,366404
overview,United Kingdom,K02000001,2020-09-08,3303,363074
overview,United Kingdom,K02000001,2020-09-07,3863,359771
overview,United Kingdom,K02000001,2020-09-06,2446,355908
overview,United Kingdom,K02000001,2020-09-05,2547,353462
overview,United Kingdom,K02000001,2020-09-04,3038,350915
overview,United Kingdom,K02000001,2020-09-03,3100,347877
overview,United Kingdom,K02000001,2020-09-02,2997,344777
overview,United Kingdom,K02000001,2020-09-01,2251,341780
overview,United Kingdom,K02000001,2020-08-31,1500,339529
overview,United Kingdom,K02000001,2020-08-30,1163,338029
overview,United Kingdom,K02000001,2020-08-29,1227,336866
overview,United Kingdom,K02000001,2020-08-28,1633,335639
overview,United Kingdom,K02000001,2020-08-27,1564,334006
overview,United Kingdom,K02000001,2020-08-26,1353,332442
overview,United Kingdom,K02000001,2020-08-25,1247,331089
overview,United Kingdom,K02000001,2020-08-24,1222,329842
overview,United Kingdom,K02000001,2020-08-23,823,328620
overview,United Kingdom,K02000001,2020-08-22,827,327797
overview,United Kingdom,K02000001,2020-08-21,1199,326970
overview,United Kingdom,K02000001,2020-08-20,1464,325771
overview,United Kingdom,K02000001,2020-08-19,1241,324307
overview,United Kingdom,K02000001,2020-08-18,1084,323066
overview,United Kingdom,K02000001,2020-08-17,1285,321982
overview,United Kingdom,K02000001,2020-08-16,598,320697
overview,United Kingdom,K02000001,2020-08-15,697,320099
overview,United Kingdom,K02000001,2020-08-14,1168,319402
overview,United Kingdom,K02000001,2020-08-13,1145,318234
overview,United Kingdom,K02000001,2020-08-12,1206,317089
overview,United Kingdom,K02000001,2020-08-11,1340,315883
overview,United Kingdom,K02000001,2020-08-10,1473,314543
overview,United Kingdom,K02000001,2020-08-09,616,313070
overview,United Kingdom,K02000001,2020-08-08,695,312454
overview,United Kingdom,K02000001,2020-08-07,942,311759
overview,United Kingdom,K02000001,2020-08-06,1083,310817
overview,United Kingdom,K02000001,2020-08-05,1060,309734
overview,United Kingdom,K02000001,2020-08-04,1022,308674
overview,United Kingdom,K02000001,2020-08-03,1041,307652
overview,United Kingdom,K02000001,2020-08-02,555,306611
overview,United Kingdom,K02000001,2020-08-01,543,306056
overview,United Kingdom,K02000001,2020-07-31,674,305513
overview,United Kingdom,K02000001,2020-07-30,924,304839
overview,United Kingdom,K02000001,2020-07-29,1040,303915
overview,United Kingdom,K02000001,2020-07-28,844,302875
overview,United Kingdom,K02000001,2020-07-27,858,302031
overview,United Kingdom,K02000001,2020-07-26,558,301173
overview,United Kingdom,K02000001,2020-07-25,523,300615
overview,United Kingdom,K02000001,2020-07-24,767,300092
overview,United Kingdom,K02000001,2020-07-23,800,299325
overview,United Kingdom,K02000001,2020-07-22,798,298525
overview,United Kingdom,K02000001,2020-07-21,783,297727
overview,United Kingdom,K02000001,2020-07-20,812,296944
overview,United Kingdom,K02000001,2020-07-19,443,296132
overview,United Kingdom,K02000001,2020-07-18,497,295689
overview,United Kingdom,K02000001,2020-07-17,581,295192
overview,United Kingdom,K02000001,2020-07-16,704,294611
overview,United Kingdom,K02000001,2020-07-15,774,293907
overview,United Kingdom,K02000001,2020-07-14,690,293133
overview,United Kingdom,K02000001,2020-07-13,733,292443
overview,United Kingdom,K02000001,2020-07-12,367,291710
overview,United Kingdom,K02000001,2020-07-11,449,291343
overview,United Kingdom,K02000001,2020-07-10,567,290894
overview,United Kingdom,K02000001,2020-07-09,716,290327
overview,United Kingdom,K02000001,2020-07-08,703,289611
overview,United Kingdom,K02000001,2020-07-07,602,288908
overview,United Kingdom,K02000001,2020-07-06,708,288306
overview,United Kingdom,K02000001,2020-07-05,556,287598
overview,United Kingdom,K02000001,2020-07-04,400,287042
overview,United Kingdom,K02000001,2020-07-03,572,286642
overview,United Kingdom,K02000001,2020-07-02,604,286070
overview,United Kingdom,K02000001,2020-07-01,648,285466
overview,United Kingdom,K02000001,2020-06-30,615,284818
overview,United Kingdom,K02000001,2020-06-29,727,284203
overview,United Kingdom,K02000001,2020-06-28,447,283476
overview,United Kingdom,K02000001,2020-06-27,650,283029
overview,United Kingdom,K02000001,2020-06-26,673,282379
overview,United Kingdom,K02000001,2020-06-25,719,281706
overview,United Kingdom,K02000001,2020-06-24,777,280987
overview,United Kingdom,K02000001,2020-06-23,887,280210
overview,United Kingdom,K02000001,2020-06-22,894,279323
overview,United Kingdom,K02000001,2020-06-21,638,278429
overview,United Kingdom,K02000001,2020-06-20,686,277791
overview,United Kingdom,K02000001,2020-06-19,986,277105
overview,United Kingdom,K02000001,2020-06-18,1026,276119
overview,United Kingdom,K02000001,2020-06-17,1015,275093
overview,United Kingdom,K02000001,2020-06-16,1102,274078
overview,United Kingdom,K02000001,2020-06-15,1044,272976
overview,United Kingdom,K02000001,2020-06-14,821,271932
overview,United Kingdom,K02000001,2020-06-13,890,271111
overview,United Kingdom,K02000001,2020-06-12,1051,270221
overview,United Kingdom,K02000001,2020-06-11,1013,269170
overview,United Kingdom,K02000001,2020-06-10,1198,268157
overview,United Kingdom,K02000001,2020-06-09,1158,266959
overview,United Kingdom,K02000001,2020-06-08,1095,265801
overview,United Kingdom,K02000001,2020-06-07,721,264706
overview,United Kingdom,K02000001,2020-06-06,804,263985
overview,United Kingdom,K02000001,2020-06-05,1121,263181
overview,United Kingdom,K02000001,2020-06-04,1249,262060
overview,United Kingdom,K02000001,2020-06-03,1362,260811
overview,United Kingdom,K02000001,2020-06-02,1494,259449
overview,United Kingdom,K02000001,2020-06-01,1440,257955
overview,United Kingdom,K02000001,2020-05-31,1080,256515
overview,United Kingdom,K02000001,2020-05-30,1123,255435
overview,United Kingdom,K02000001,2020-05-29,1526,254312
overview,United Kingdom,K02000001,2020-05-28,1754,252786
overview,United Kingdom,K02000001,2020-05-27,1829,251032
overview,United Kingdom,K02000001,2020-05-26,1669,249203
overview,United Kingdom,K02000001,2020-05-25,1621,247534
overview,United Kingdom,K02000001,2020-05-24,1365,245913
overview,United Kingdom,K02000001,2020-05-23,1527,244548
overview,United Kingdom,K02000001,2020-05-22,2059,243021
overview,United Kingdom,K02000001,2020-05-21,2573,240962
overview,United Kingdom,K02000001,2020-05-20,2716,238389
overview,United Kingdom,K02000001,2020-05-19,3053,235673
overview,United Kingdom,K02000001,2020-05-18,2589,232620
overview,United Kingdom,K02000001,2020-05-17,1837,230031
overview,United Kingdom,K02000001,2020-05-16,2081,228194
overview,United Kingdom,K02000001,2020-05-15,2527,226113
overview,United Kingdom,K02000001,2020-05-14,2629,223586
overview,United Kingdom,K02000001,2020-05-13,3304,220957
overview,United Kingdom,K02000001,2020-05-12,3401,217653
overview,United Kingdom,K02000001,2020-05-11,3584,214252
overview,United Kingdom,K02000001,2020-05-10,2323,210668
overview,United Kingdom,K02000001,2020-05-09,2159,208345
overview,United Kingdom,K02000001,2020-05-08,3059,206186
overview,United Kingdom,K02000001,2020-05-07,3765,203127
overview,United Kingdom,K02000001,2020-05-06,3828,199362
overview,United Kingdom,K02000001,2020-05-05,3682,195534
overview,United Kingdom,K02000001,2020-05-04,3386,191852
overview,United Kingdom,K02000001,2020-05-03,2977,188466
overview,United Kingdom,K02000001,2020-05-02,3235,185489
overview,United Kingdom,K02000001,2020-05-01,4735,182254
overview,United Kingdom,K02000001,2020-04-30,4963,177519
overview,United Kingdom,K02000001,2020-04-29,5439,172556
overview,United Kingdom,K02000001,2020-04-28,4732,167117
overview,United Kingdom,K02000001,2020-04-27,4709,162385
overview,United Kingdom,K02000001,2020-04-26,3471,157676
overview,United Kingdom,K02000001,2020-04-25,3750,154205
overview,United Kingdom,K02000001,2020-04-24,4961,150455
overview,United Kingdom,K02000001,2020-04-23,5149,145494
overview,United Kingdom,K02000001,2020-04-22,5488,140345
overview,United Kingdom,K02000001,2020-04-21,4762,134857
overview,United Kingdom,K02000001,2020-04-20,4861,130095
overview,United Kingdom,K02000001,2020-04-19,3852,125234
overview,United Kingdom,K02000001,2020-04-18,4712,121382
overview,United Kingdom,K02000001,2020-04-17,4952,116670
overview,United Kingdom,K02000001,2020-04-16,5290,111718
overview,United Kingdom,K02000001,2020-04-15,5057,106428
overview,United Kingdom,K02000001,2020-04-14,4316,101371
overview,United Kingdom,K02000001,2020-04-13,4185,97055
overview,United Kingdom,K02000001,2020-04-12,3485,92870
overview,United Kingdom,K02000001,2020-04-11,3580,89385
overview,United Kingdom,K02000001,2020-04-10,4317,85805
overview,United Kingdom,K02000001,2020-04-09,4852,81488
overview,United Kingdom,K02000001,2020-04-08,5132,76636
overview,United Kingdom,K02000001,2020-04-07,5447,71504
overview,United Kingdom,K02000001,2020-04-06,5280,66057
overview,United Kingdom,K02000001,2020-04-05,3595,60777
overview,United Kingdom,K02000001,2020-04-04,4020,57182
overview,United Kingdom,K02000001,2020-04-03,4922,53162
overview,United Kingdom,K02000001,2020-04-02,4858,48240
overview,United Kingdom,K02000001,2020-04-01,4913,43382
overview,United Kingdom,K02000001,2020-03-31,4513,38469
overview,United Kingdom,K02000001,2020-03-30,4271,33956
overview,United Kingdom,K02000001,2020-03-29,2857,29685
overview,United Kingdom,K02000001,2020-03-28,2823,26828
overview,United Kingdom,K02000001,2020-03-27,3188,24005
overview,United Kingdom,K02000001,2020-03-26,3092,20817
overview,United Kingdom,K02000001,2020-03-25,2700,17725
overview,United Kingdom,K02000001,2020-03-24,2374,15025
overview,United Kingdom,K02000001,2020-03-23,2328,12651
overview,United Kingdom,K02000001,2020-03-22,1378,10323
overview,United Kingdom,K02000001,2020-03-21,1198,8945
overview,United Kingdom,K02000001,2020-03-20,1255,7747
overview,United Kingdom,K02000001,2020-03-19,1053,6492
overview,United Kingdom,K02000001,2020-03-18,999,5439
overview,United Kingdom,K02000001,2020-03-17,768,4440
overview,United Kingdom,K02000001,2020-03-16,612,3672
overview,United Kingdom,K02000001,2020-03-15,444,3060
overview,United Kingdom,K02000001,2020-03-14,362,2616
overview,United Kingdom,K02000001,2020-03-13,480,2254
overview,United Kingdom,K02000001,2020-03-12,482,1774
overview,United Kingdom,K02000001,2020-03-11,405,1292
overview,United Kingdom,K02000001,2020-03-10,264,887
overview,United Kingdom,K02000001,2020-03-09,146,623
overview,United Kingdom,K02000001,2020-03-08,57,477
overview,United Kingdom,K02000001,2020-03-07,67,420
overview,United Kingdom,K02000001,2020-03-06,81,353
overview,United Kingdom,K02000001,2020-03-05,51,272
overview,United Kingdom,K02000001,2020-03-04,56,221
overview,United Kingdom,K02000001,2020-03-03,56,165
overview,United Kingdom,K02000001,2020-03-02,40,109
overview,United Kingdom,K02000001,2020-03-01,22,69
overview,United Kingdom,K02000001,2020-02-29,5,47
overview,United Kingdom,K02000001,2020-02-28,12,42
overview,United Kingdom,K02000001,2020-02-27,8,30
overview,United Kingdom,K02000001,2020-02-26,4,22
overview,United Kingdom,K02000001,2020-02-25,5,18
overview,United Kingdom,K02000001,2020-02-24,2,13
overview,United Kingdom,K02000001,2020-02-23,1,11
overview,United Kingdom,K02000001,2020-02-22,0,10
overview,United Kingdom,K02000001,2020-02-21,1,10
overview,United Kingdom,K02000001,2020-02-20,0,9
overview,United Kingdom,K02000001,2020-02-19,0,9
overview,United Kingdom,K02000001,2020-02-18,0,9
overview,United Kingdom,K02000001,2020-02-17,0,9
overview,United Kingdom,K02000001,2020-02-16,0,9
overview,United Kingdom,K02000001,2020-02-15,0,9
overview,United Kingdom,K02000001,2020-02-14,0,9
overview,United Kingdom,K02000001,2020-02-13,0,9
overview,United Kingdom,K02000001,2020-02-12,0,9
overview,United Kingdom,K02000001,2020-02-11,1,9
overview,United Kingdom,K02000001,2020-02-10,0,8
overview,United Kingdom,K02000001,2020-02-09,1,8
overview,United Kingdom,K02000001,2020-02-08,4,7
overview,United Kingdom,K02000001,2020-02-07,0,3
overview,United Kingdom,K02000001,2020-02-06,0,3
overview,United Kingdom,K02000001,2020-02-05,1,3
overview,United Kingdom,K02000001,2020-02-04,0,2
overview,United Kingdom,K02000001,2020-02-03,0,2
overview,United Kingdom,K02000001,2020-02-02,0,2
overview,United Kingdom,K02000001,2020-02-01,0,2
overview,United Kingdom,K02000001,2020-01-31,0,2
overview,United Kingdom,K02000001,2020-01-30,2,2

