areaType,areaName,areaCode,date,newCasesBySpecimenDate,cumCasesBySpecimenDate
overview,United Kingdom,K02000001,2020-10-22,1326,830998
overview,United Kingdom,K02000001,2020-10-21,10320,829672
overview,United Kingdom,K02000001,2020-10-20,21410,819352
overview,United Kingdom,K02000001,2020-10-19,24867,797942
overview,United Kingdom,K02000001,2020-10-18,14106,773075
overview,United Kingdom,K02000001,2020-10-17,14687,758969
overview,United Kingdom,K02000001,2020-10-16,17682,744282
overview,United Kingdom,K02000001,2020-10-15,18370,726600
overview,United Kingdom,K02000001,2020-10-14,19710,708230
overview,United Kingdom,K02000001,2020-10-13,18899,688520
overview,United Kingdom,K02000001,2020-10-12,19438,669621
overview,United Kingdom,K02000001,2020-10-11,12029,650183
overview,United Kingdom,K02000001,2020-10-10,12520,638154
overview,United Kingdom,K02000001,2020-10-09,15738,625634
overview,United Kingdom,K02000001,2020-10-08,18241,609896
overview,United Kingdom,K02000001,2020-10-07,18323,591655
overview,United Kingdom,K02000001,2020-10-06,17062,573332
overview,United Kingdom,K02000001,2020-10-05,16540,556270
overview,United Kingdom,K02000001,2020-10-04,11781,539730
overview,United Kingdom,K02000001,2020-10-03,11543,527949
overview,United Kingdom,K02000001,2020-10-02,13674,516406
overview,United Kingdom,K02000001,2020-10-01,13180,502732
overview,United Kingdom,K02000001,2020-09-30,12541,489552
overview,United Kingdom,K02000001,2020-09-29,10244,477011
overview,United Kingdom,K02000001,2020-09-28,9922,466767
overview,United Kingdom,K02000001,2020-09-27,6974,456845
overview,United Kingdom,K02000001,2020-09-26,6753,449871
overview,United Kingdom,K02000001,2020-09-25,7250,443118
overview,United Kingdom,K02000001,2020-09-24,7615,435868
overview,United Kingdom,K02000001,2020-09-23,7058,428253
overview,United Kingdom,K02000001,2020-09-22,6418,421195
overview,United Kingdom,K02000001,2020-09-21,5591,414777
overview,United Kingdom,K02000001,2020-09-20,5316,409186
overview,United Kingdom,K02000001,2020-09-19,4860,403870
overview,United Kingdom,K02000001,2020-09-18,4962,399010
overview,United Kingdom,K02000001,2020-09-17,4636,394048
overview,United Kingdom,K02000001,2020-09-16,4368,389412
overview,United Kingdom,K02000001,2020-09-15,3558,385044
overview,United Kingdom,K02000001,2020-09-14,3392,381486
overview,United Kingdom,K02000001,2020-09-13,2145,378094
overview,United Kingdom,K02000001,2020-09-12,2671,375949
overview,United Kingdom,K02000001,2020-09-11,3291,373278
overview,United Kingdom,K02000001,2020-09-10,3597,369987
overview,United Kingdom,K02000001,2020-09-09,3330,366390
overview,United Kingdom,K02000001,2020-09-08,3303,363060
overview,United Kingdom,K02000001,2020-09-07,3862,359757
overview,United Kingdom,K02000001,2020-09-06,2446,355895
overview,United Kingdom,K02000001,2020-09-05,2546,353449
overview,United Kingdom,K02000001,2020-09-04,3037,350903
overview,United Kingdom,K02000001,2020-09-03,3101,347866
overview,United Kingdom,K02000001,2020-09-02,2996,344765
overview,United Kingdom,K02000001,2020-09-01,2251,341769
overview,United Kingdom,K02000001,2020-08-31,1500,339518
overview,United Kingdom,K02000001,2020-08-30,1163,338018
overview,United Kingdom,K02000001,2020-08-29,1228,336855
overview,United Kingdom,K02000001,2020-08-28,1633,335627
overview,United Kingdom,K02000001,2020-08-27,1563,333994
overview,United Kingdom,K02000001,2020-08-26,1353,332431
overview,United Kingdom,K02000001,2020-08-25,1246,331078
overview,United Kingdom,K02000001,2020-08-24,1223,329832
overview,United Kingdom,K02000001,2020-08-23,823,328609
overview,United Kingdom,K02000001,2020-08-22,828,327786
overview,United Kingdom,K02000001,2020-08-21,1198,326958
overview,United Kingdom,K02000001,2020-08-20,1464,325760
overview,United Kingdom,K02000001,2020-08-19,1240,324296
overview,United Kingdom,K02000001,2020-08-18,1084,323056
overview,United Kingdom,K02000001,2020-08-17,1284,321972
overview,United Kingdom,K02000001,2020-08-16,598,320688
overview,United Kingdom,K02000001,2020-08-15,698,320090
overview,United Kingdom,K02000001,2020-08-14,1169,319392
overview,United Kingdom,K02000001,2020-08-13,1145,318223
overview,United Kingdom,K02000001,2020-08-12,1205,317078
overview,United Kingdom,K02000001,2020-08-11,1340,315873
overview,United Kingdom,K02000001,2020-08-10,1475,314533
overview,United Kingdom,K02000001,2020-08-09,616,313058
overview,United Kingdom,K02000001,2020-08-08,695,312442
overview,United Kingdom,K02000001,2020-08-07,942,311747
overview,United Kingdom,K02000001,2020-08-06,1083,310805
overview,United Kingdom,K02000001,2020-08-05,1061,309722
overview,United Kingdom,K02000001,2020-08-04,1022,308661
overview,United Kingdom,K02000001,2020-08-03,1041,307639
overview,United Kingdom,K02000001,2020-08-02,555,306598
overview,United Kingdom,K02000001,2020-08-01,543,306043
overview,United Kingdom,K02000001,2020-07-31,674,305500
overview,United Kingdom,K02000001,2020-07-30,923,304826
overview,United Kingdom,K02000001,2020-07-29,1040,303903
overview,United Kingdom,K02000001,2020-07-28,844,302863
overview,United Kingdom,K02000001,2020-07-27,858,302019
overview,United Kingdom,K02000001,2020-07-26,557,301161
overview,United Kingdom,K02000001,2020-07-25,523,300604
overview,United Kingdom,K02000001,2020-07-24,769,300081
overview,United Kingdom,K02000001,2020-07-23,800,299312
overview,United Kingdom,K02000001,2020-07-22,798,298512
overview,United Kingdom,K02000001,2020-07-21,783,297714
overview,United Kingdom,K02000001,2020-07-20,812,296931
overview,United Kingdom,K02000001,2020-07-19,443,296119
overview,United Kingdom,K02000001,2020-07-18,497,295676
overview,United Kingdom,K02000001,2020-07-17,582,295179
overview,United Kingdom,K02000001,2020-07-16,705,294597
overview,United Kingdom,K02000001,2020-07-15,774,293892
overview,United Kingdom,K02000001,2020-07-14,690,293118
overview,United Kingdom,K02000001,2020-07-13,733,292428
overview,United Kingdom,K02000001,2020-07-12,367,291695
overview,United Kingdom,K02000001,2020-07-11,449,291328
overview,United Kingdom,K02000001,2020-07-10,565,290879
overview,United Kingdom,K02000001,2020-07-09,716,290314
overview,United Kingdom,K02000001,2020-07-08,701,289598
overview,United Kingdom,K02000001,2020-07-07,602,288897
overview,United Kingdom,K02000001,2020-07-06,707,288295
overview,United Kingdom,K02000001,2020-07-05,556,287588
overview,United Kingdom,K02000001,2020-07-04,398,287032
overview,United Kingdom,K02000001,2020-07-03,572,286634
overview,United Kingdom,K02000001,2020-07-02,604,286062
overview,United Kingdom,K02000001,2020-07-01,650,285458
overview,United Kingdom,K02000001,2020-06-30,615,284808
overview,United Kingdom,K02000001,2020-06-29,728,284193
overview,United Kingdom,K02000001,2020-06-28,447,283465
overview,United Kingdom,K02000001,2020-06-27,651,283018
overview,United Kingdom,K02000001,2020-06-26,672,282367
overview,United Kingdom,K02000001,2020-06-25,720,281695
overview,United Kingdom,K02000001,2020-06-24,778,280975
overview,United Kingdom,K02000001,2020-06-23,889,280197
overview,United Kingdom,K02000001,2020-06-22,896,279308
overview,United Kingdom,K02000001,2020-06-21,640,278412
overview,United Kingdom,K02000001,2020-06-20,687,277772
overview,United Kingdom,K02000001,2020-06-19,988,277085
overview,United Kingdom,K02000001,2020-06-18,1027,276097
overview,United Kingdom,K02000001,2020-06-17,1015,275070
overview,United Kingdom,K02000001,2020-06-16,1101,274055
overview,United Kingdom,K02000001,2020-06-15,1044,272954
overview,United Kingdom,K02000001,2020-06-14,820,271910
overview,United Kingdom,K02000001,2020-06-13,891,271090
overview,United Kingdom,K02000001,2020-06-12,1048,270199
overview,United Kingdom,K02000001,2020-06-11,1012,269151
overview,United Kingdom,K02000001,2020-06-10,1194,268139
overview,United Kingdom,K02000001,2020-06-09,1158,266945
overview,United Kingdom,K02000001,2020-06-08,1094,265787
overview,United Kingdom,K02000001,2020-06-07,721,264693
overview,United Kingdom,K02000001,2020-06-06,805,263972
overview,United Kingdom,K02000001,2020-06-05,1122,263167
overview,United Kingdom,K02000001,2020-06-04,1249,262045
overview,United Kingdom,K02000001,2020-06-03,1362,260796
overview,United Kingdom,K02000001,2020-06-02,1492,259434
overview,United Kingdom,K02000001,2020-06-01,1441,257942
overview,United Kingdom,K02000001,2020-05-31,1079,256501
overview,United Kingdom,K02000001,2020-05-30,1122,255422
overview,United Kingdom,K02000001,2020-05-29,1523,254300
overview,United Kingdom,K02000001,2020-05-28,1755,252777
overview,United Kingdom,K02000001,2020-05-27,1829,251022
overview,United Kingdom,K02000001,2020-05-26,1665,249193
overview,United Kingdom,K02000001,2020-05-25,1620,247528
overview,United Kingdom,K02000001,2020-05-24,1365,245908
overview,United Kingdom,K02000001,2020-05-23,1527,244543
overview,United Kingdom,K02000001,2020-05-22,2058,243016
overview,United Kingdom,K02000001,2020-05-21,2572,240958
overview,United Kingdom,K02000001,2020-05-20,2716,238386
overview,United Kingdom,K02000001,2020-05-19,3053,235670
overview,United Kingdom,K02000001,2020-05-18,2587,232617
overview,United Kingdom,K02000001,2020-05-17,1837,230030
overview,United Kingdom,K02000001,2020-05-16,2078,228193
overview,United Kingdom,K02000001,2020-05-15,2528,226115
overview,United Kingdom,K02000001,2020-05-14,2630,223587
overview,United Kingdom,K02000001,2020-05-13,3307,220957
overview,United Kingdom,K02000001,2020-05-12,3401,217650
overview,United Kingdom,K02000001,2020-05-11,3584,214249
overview,United Kingdom,K02000001,2020-05-10,2325,210665
overview,United Kingdom,K02000001,2020-05-09,2159,208340
overview,United Kingdom,K02000001,2020-05-08,3058,206181
overview,United Kingdom,K02000001,2020-05-07,3765,203123
overview,United Kingdom,K02000001,2020-05-06,3824,199358
overview,United Kingdom,K02000001,2020-05-05,3683,195534
overview,United Kingdom,K02000001,2020-05-04,3379,191851
overview,United Kingdom,K02000001,2020-05-03,2978,188472
overview,United Kingdom,K02000001,2020-05-02,3234,185494
overview,United Kingdom,K02000001,2020-05-01,4735,182260
overview,United Kingdom,K02000001,2020-04-30,4966,177525
overview,United Kingdom,K02000001,2020-04-29,5437,172559
overview,United Kingdom,K02000001,2020-04-28,4732,167122
overview,United Kingdom,K02000001,2020-04-27,4704,162390
overview,United Kingdom,K02000001,2020-04-26,3473,157686
overview,United Kingdom,K02000001,2020-04-25,3751,154213
overview,United Kingdom,K02000001,2020-04-24,4964,150462
overview,United Kingdom,K02000001,2020-04-23,5151,145498
overview,United Kingdom,K02000001,2020-04-22,5486,140347
overview,United Kingdom,K02000001,2020-04-21,4762,134861
overview,United Kingdom,K02000001,2020-04-20,4861,130099
overview,United Kingdom,K02000001,2020-04-19,3851,125238
overview,United Kingdom,K02000001,2020-04-18,4711,121387
overview,United Kingdom,K02000001,2020-04-17,4953,116676
overview,United Kingdom,K02000001,2020-04-16,5288,111723
overview,United Kingdom,K02000001,2020-04-15,5058,106435
overview,United Kingdom,K02000001,2020-04-14,4321,101377
overview,United Kingdom,K02000001,2020-04-13,4186,97056
overview,United Kingdom,K02000001,2020-04-12,3486,92870
overview,United Kingdom,K02000001,2020-04-11,3582,89384
overview,United Kingdom,K02000001,2020-04-10,4316,85802
overview,United Kingdom,K02000001,2020-04-09,4854,81486
overview,United Kingdom,K02000001,2020-04-08,5128,76632
overview,United Kingdom,K02000001,2020-04-07,5449,71504
overview,United Kingdom,K02000001,2020-04-06,5278,66055
overview,United Kingdom,K02000001,2020-04-05,3593,60777
overview,United Kingdom,K02000001,2020-04-04,4013,57184
overview,United Kingdom,K02000001,2020-04-03,4918,53171
overview,United Kingdom,K02000001,2020-04-02,4862,48253
overview,United Kingdom,K02000001,2020-04-01,4914,43391
overview,United Kingdom,K02000001,2020-03-31,4515,38477
overview,United Kingdom,K02000001,2020-03-30,4271,33962
overview,United Kingdom,K02000001,2020-03-29,2857,29691
overview,United Kingdom,K02000001,2020-03-28,2823,26834
overview,United Kingdom,K02000001,2020-03-27,3194,24011
overview,United Kingdom,K02000001,2020-03-26,3091,20817
overview,United Kingdom,K02000001,2020-03-25,2700,17726
overview,United Kingdom,K02000001,2020-03-24,2375,15026
overview,United Kingdom,K02000001,2020-03-23,2329,12651
overview,United Kingdom,K02000001,2020-03-22,1378,10322
overview,United Kingdom,K02000001,2020-03-21,1196,8944
overview,United Kingdom,K02000001,2020-03-20,1255,7748
overview,United Kingdom,K02000001,2020-03-19,1053,6493
overview,United Kingdom,K02000001,2020-03-18,999,5440
overview,United Kingdom,K02000001,2020-03-17,768,4441
overview,United Kingdom,K02000001,2020-03-16,613,3673
overview,United Kingdom,K02000001,2020-03-15,444,3060
overview,United Kingdom,K02000001,2020-03-14,362,2616
overview,United Kingdom,K02000001,2020-03-13,480,2254
overview,United Kingdom,K02000001,2020-03-12,482,1774
overview,United Kingdom,K02000001,2020-03-11,405,1292
overview,United Kingdom,K02000001,2020-03-10,264,887
overview,United Kingdom,K02000001,2020-03-09,146,623
overview,United Kingdom,K02000001,2020-03-08,57,477
overview,United Kingdom,K02000001,2020-03-07,67,420
overview,United Kingdom,K02000001,2020-03-06,81,353
overview,United Kingdom,K02000001,2020-03-05,51,272
overview,United Kingdom,K02000001,2020-03-04,56,221
overview,United Kingdom,K02000001,2020-03-03,56,165
overview,United Kingdom,K02000001,2020-03-02,40,109
overview,United Kingdom,K02000001,2020-03-01,22,69
overview,United Kingdom,K02000001,2020-02-29,5,47
overview,United Kingdom,K02000001,2020-02-28,12,42
overview,United Kingdom,K02000001,2020-02-27,8,30
overview,United Kingdom,K02000001,2020-02-26,4,22
overview,United Kingdom,K02000001,2020-02-25,5,18
overview,United Kingdom,K02000001,2020-02-24,2,13
overview,United Kingdom,K02000001,2020-02-23,1,11
overview,United Kingdom,K02000001,2020-02-22,0,10
overview,United Kingdom,K02000001,2020-02-21,1,10
overview,United Kingdom,K02000001,2020-02-20,0,9
overview,United Kingdom,K02000001,2020-02-19,0,9
overview,United Kingdom,K02000001,2020-02-18,0,9
overview,United Kingdom,K02000001,2020-02-17,0,9
overview,United Kingdom,K02000001,2020-02-16,0,9
overview,United Kingdom,K02000001,2020-02-15,0,9
overview,United Kingdom,K02000001,2020-02-14,0,9
overview,United Kingdom,K02000001,2020-02-13,0,9
overview,United Kingdom,K02000001,2020-02-12,0,9
overview,United Kingdom,K02000001,2020-02-11,1,9
overview,United Kingdom,K02000001,2020-02-10,0,8
overview,United Kingdom,K02000001,2020-02-09,1,8
overview,United Kingdom,K02000001,2020-02-08,4,7
overview,United Kingdom,K02000001,2020-02-07,0,3
overview,United Kingdom,K02000001,2020-02-06,0,3
overview,United Kingdom,K02000001,2020-02-05,1,3
overview,United Kingdom,K02000001,2020-02-04,0,2
overview,United Kingdom,K02000001,2020-02-03,0,2
overview,United Kingdom,K02000001,2020-02-02,0,2
overview,United Kingdom,K02000001,2020-02-01,0,2
overview,United Kingdom,K02000001,2020-01-31,0,2
overview,United Kingdom,K02000001,2020-01-30,2,2

